ttr-48H:
  mean: -871792.5
  std: 145643.234375
tcwv0-48H:
  mean: 24.397356033325195
  std: 16.463090896606445
tp6-48H:
  mean: 0.000728864106349647
  std: 0.00141431693919003
