sst:
  mean: 290.6992492675781
  std: 10.592439651489258
ws10-48H:
  mean: 6.1791157722473145
  std: 3.1804823875427246
z1000-48H:
  mean: 940.4039916992188
  std: 863.775634765625
adt:
  mean: 0.40309871564035454
  std: 0.6165622319307328
